A = [1 2 3 4 5; 2 3 4 5 6; 3 4 5 6 7; 4 5 6 7 8; 5 6 7 8 9]
A(:, 1:3)
[A(1,:) A(1,:) A(1,:)]
A(1:2:5,:)  % start:step:stop
A(:,1:2:5)  
[A(:,1) A(:,3) A(:,5)]
